ID Model_type OR_PCA P_value_PCA P_value_adj_PCA OR_NoPCA P_value_NoPCA P_value_adj_NoPCA Gene Ch Pos
rs4490198 Dominant 1.15 0.502541953929971 0.650425950282341 1.14 0.320934225531386 0.539561502497595 NA 2 114.406882
rs4849332 Dominant 0.78 0.227582164478942 0.429406222424197 1.04 0.832796547528257 0.85262503675512 NA 2 114.418053
rs1367179 Dominant 0.78 0.190916658213082 0.429406222424197 1.41 0.282658720657961 0.539561502497595 NA 2 114.420979
rs11123242 Dominant 0.78 0.177608004335974 0.429406222424197 1.39 0.317631266956828 0.539561502497595 NA 2 114.423472
rs13014858 Dominant 1.13 0.581095859372988 0.650425950282341 1.14 0.327531568872494 0.539561502497595 NA 2 114.435313
rs1430094 Dominant 1.32 0.17989986808367 0.429406222424197 1.23 0.106769854853601 0.467383168184663 NA 2 114.439177
rs1430093 Recessiu 0.82 0.453878379634493 0.6295732362672 1.14 0.303317082571999 0.539561502497595 DPP10 2 114.446859
rs746710 Recessiu 1.36 0.147865361991453 0.423880704375498 1.12 0.208962964191966 0.539561502497595 DPP10 2 114.448456
rs6737251 Recessiu 1.13 0.589921210721193 0.650425950282341 1.04 0.717365770210688 0.790941746642554 DPP10 2 114.456098
rs1430097 Dominant 0.92 0.56956249979259 0.650425950282341 0.9 0.574714980381894 0.748871035043073 DPP10 2 114.483103
rs10496465 Recessiu 1.16 0.758389351156355 0.781447569040853 1.12 0.806594359375631 0.845940425686637 DPP10 2 114.500486
rs3756688 Recessiu 0.85 0.427353999607221 0.61254073277035 0.81 0.269376233230923 0.539561502497595 SPINK5 5 148.063216
rs2303063 Recessiu 0.78 0.136215768827527 0.423880704375498 0.83 0.230733248004899 0.539561502497595 SPINK5 5 148.100464
rs1422993 Dominant 1.45 0.00766870280282728 0.164877110260787 1.38 0.0106150065663958 0.152148427451673 SPINK5 5 148.124257
rs2400478 Dominant 1.15 0.311249355984138 0.535348892292718 1.17 0.22710384546903 0.539561502497595 SPINK5 5 148.131303
rs714588 Dominant 1.38 0.0652463878832775 0.350699334872617 1.1 0.477544419752083 0.662400324172244 NPSR1-AS1 7 34.653614
rs1023555 Additiu 1.04 0.763274369760833 0.781447569040853 1.05 0.613659477645298 0.768637650206259 NPSR1 7 34.656767
rs898070 Recessiu 1.35 0.135174118255019 0.423880704375498 1.22 0.267710148758572 0.539561502497595 NPSR1 7 34.659253
rs963218 Additiu 1.27 0.0951360195287841 0.409066900168998 1.07 0.643764456177319 0.768637650206259 NPSR1 7 34.672157
rs1419835 Dominant 1.33 0.104645020973465 0.409066900168998 0.78 0.4138987303718 0.613711910551289 NPSR1 7 34.684308
hopo546333 Recessiu 0 0.411752471748902 0.61254073277035 0.88 0.515440653896786 0.692623378673806 NA NA NA
rs184448 Dominant 1.57 0.0562184393874631 0.350699334872617 1.64 0.000700600943932302 0.030125840589089 NPSR1 7 34.733498
rs324396 Recessiu 0.6 0.0850151476386102 0.406183483162249 1.26 0.0650170188817564 0.467383168184663 NPSR1 7 34.750511
rs324960 Recessiu 0.38 0.00147730082923565 0.063523935657133 0.48 0.00168596139229273 0.0362481699342936 NPSR1 7 34.762779
rs10486657 Additiu 1.9 0.034357468551556 0.350699334872617 1.39 0.331919180928384 0.539561502497595 NPSR1 7 34.763115
rs324981 Additiu 0.61 0.0530581442192249 0.350699334872617 0.81 0.0213007676513767 0.228983252252299 NPSR1 7 34.778501
rs1419780 Additiu 1.8 0.0508625613048353 0.350699334872617 1.57 0.16753068544496 0.539561502497595 NPSR1 7 34.780689
rs325462 Dominant 0.97 0.913167335359746 0.913167335359746 1.18 0.0702727582367867 0.467383168184663 NPSR1 7 34.810234
rs727162 Additiu 1.19 0.140268617472277 0.423880704375498 1.24 0.0936305425993232 0.467383168184663 NPSR1 7 34.834426
rs10250709 Dominant 0.87 0.385100536047546 0.61254073277035 0.88 0.302700599652998 0.539561502497595 NPSR1 7 34.847213
rs6958905 Dominant 0.91 0.545844805377697 0.650425950282341 0.89 0.370285473589282 0.56865269158354 NPSR1 7 34.84994
rs10238983 Recessiu 1.34 0.34970611145116 0.578360107399995 1.24 0.431762344813131 0.618859360898821 NPSR1 7 34.859961
rs2031532 Dominant 0.93 0.747734902341395 0.781447569040853 1.09 0.66445914133843 0.768637650206259 PHF11 13 49.506711
rs2247119 Dominant 0.87 0.417780730490329 0.61254073277035 0.94 0.631975531184747 0.768637650206259 PHF11 13 49.513006
rs8000149 Additiu 0.85 0.532550602539213 0.650425950282341 1.02 0.900093922279741 0.900093922279741 PHF11 13 49.515889
rs2274276 Additiu 0.71 0.229682398040849 0.429406222424197 0.97 0.800825185443236 0.845940425686637 PHF11 13 49.521817
rs7332573 Additiu 1.23 0.211763568329604 0.429406222424197 2.45 0.18800731244037 0.539561502497595 PHF11 13 49.52424
rs3829366 Dominant 1.16 0.50455055361002 0.650425950282341 1.15 0.338794431800816 0.539561502497595 PHF11 13 49.529275
rs6084432 Dominant 1.23 0.161516403374841 0.429406222424197 1.26 0.0879313731286941 0.467383168184663 GFRA4 20 3.663006
rs512625 Dominant 0.78 0.0646128189104978 0.350699334872617 0.82 0.108693760042945 0.467383168184663 ADAM33 20 3.667731
rs3918395 Dominant 1.21 0.216397155569143 0.429406222424197 1.16 0.296756518222415 0.539561502497595 ADAM33 20 3.672502
rs2787095 Additiu 0.95 0.575560303226295 0.650425950282341 0.96 0.679261179252043 0.768637650206259 ADAM33 20 3.675296
rs2853215 Additiu 1.12 0.302091592056799 0.535348892292718 1.11 0.289934862409522 0.539561502497595 NA 20 3.685608
